2989535181

1	2559723070
2	218787050
3	77640224
4	37051207
5	21030671
6	13444247
7	9516388
8	11144046
9	7359899
10	5283556
11	4104349
12	3399078
13	2889057
14	2529994
15	2256962
16	2037046
17	1865575
18	1763594
19	1758629
20	1909094
21	4041445

0	0	1439858
0	1	986984
0	2	655757
0	3	404778
0	4	248962
0	5	155437
0	6	82333
0	7	38216
0	8	16098
0	9	8518
0	10	3998
0	11	493
0	12	13
1	0	2273913
1	1	1459345
1	2	929133
1	3	567738
1	4	325591
1	5	199274
1	6	104029
1	7	53073
1	8	21438
1	9	10507
1	10	5329
1	11	1151
1	12	17
1	13	1
2	0	3055988
2	1	1887057
2	2	1156447
2	3	701953
2	4	408990
2	5	244960
2	6	136766
2	7	66571
2	8	28495
2	9	13579
2	10	6784
2	11	1487
2	12	90
2	13	1
3	0	3878386
3	1	2310881
3	2	1383175
3	3	822754
3	4	479365
3	5	277962
3	6	168009
3	7	86317
3	8	34863
3	9	17369
3	10	9041
3	11	3579
3	12	1059
3	13	2
4	0	4772168
4	1	2776908
4	2	1611010
4	3	944723
4	4	550646
4	5	316119
4	6	187525
4	7	102244
4	8	41555
4	9	19507
4	10	10497
4	11	4057
4	12	1343
4	13	35
5	0	5774188
5	1	3285087
5	2	1860224
5	3	1067938
5	4	621955
5	5	355428
5	6	206105
5	7	114948
5	8	49157
5	9	21538
5	10	11802
5	11	5125
5	12	1767
5	13	121
6	0	6892718
6	1	3851707
6	2	2131202
6	3	1204557
6	4	696730
6	5	397067
6	6	225427
6	7	126922
6	8	59951
6	9	22820
6	10	13613
6	11	6946
6	12	2363
6	13	322
7	0	8146910
7	1	4491637
7	2	2434721
7	3	1355670
7	4	777286
7	5	445458
7	6	245486
7	7	142359
7	8	70059
7	9	27469
7	10	13953
7	11	7760
7	12	2922
7	13	649
8	0	9580770
8	1	5205807
8	2	2789291
8	3	1527141
8	4	865413
8	5	499617
8	6	277856
8	7	160484
8	8	82335
8	9	34172
8	10	15649
8	11	8817
8	12	3185
8	13	859
9	0	11283073
9	1	6021013
9	2	3202568
9	3	1727583
9	4	973345
9	5	560434
9	6	320844
9	7	186574
9	8	96544
9	9	41847
9	10	18848
9	11	11395
9	12	4993
9	13	1405
9	14	8
10	0	13367948
10	1	6975934
10	2	3690508
10	3	1966476
10	4	1104106
10	5	634183
10	6	378282
10	7	207825
10	8	118576
10	9	61531
10	10	24240
10	11	11732
10	12	8527
10	13	3197
10	14	1637
10	15	121
11	0	16168739
11	1	8193184
11	2	4282543
11	3	2285662
11	4	1260353
11	5	717200
11	6	425060
11	7	241954
11	8	133625
11	9	72073
11	10	28417
11	11	11746
11	12	9230
11	13	5304
11	14	2726
11	15	563
12	0	20059575
12	1	10136582
12	2	5053134
12	3	2642509
12	4	1437678
12	5	813203
12	6	480397
12	7	271211
12	8	147496
12	9	87722
12	10	36113
12	11	13554
12	12	9461
12	13	6103
12	14	2839
12	15	701
13	0	22897787
13	1	13204227
13	2	9142335
13	3	3277058
13	4	1670264
13	5	931641
13	6	551422
13	7	313637
13	8	170401
13	9	98732
13	10	47862
13	11	16638
13	12	9258
13	13	6852
13	14	2984
13	15	1226
14	0	28111790
14	1	13394064
14	2	11364692
14	3	4648423
14	4	1920488
14	5	1061049
14	6	609722
14	7	348005
14	8	193698
14	9	110159
14	10	55776
14	11	19270
14	12	9881
14	13	7229
14	14	2931
14	15	1535
15	0	36649179
15	1	15451294
15	2	11125410
15	3	7112501
15	4	2240467
15	5	1200083
15	6	674538
15	7	381662
15	8	223935
15	9	128127
15	10	68054
15	11	24765
15	12	10463
15	13	7706
15	14	3066
15	15	1709
16	0	50908899
16	1	19315183
16	2	10385101
16	3	9890238
16	4	2746271
16	5	1383827
16	6	757899
16	7	422863
16	8	243680
16	9	145349
16	10	77832
16	11	31230
16	12	11212
16	13	8852
16	14	3256
16	15	1938
17	0	77671749
17	1	25768450
17	2	11087299
17	3	10258560
17	4	5000511
17	5	1645890
17	6	883827
17	7	476452
17	8	269972
17	9	159961
17	10	93016
17	11	40621
17	12	13429
17	13	9262
17	14	3688
17	15	2150
18	0	136330762
18	1	38923796
18	2	14120714
18	3	8490027
18	4	8754958
18	5	2096736
18	6	1053400
18	7	557482
18	8	318947
18	9	181200
18	10	112169
18	11	50459
18	12	17465
18	13	10421
18	14	4012
18	15	2513
19	0	304552601
19	1	77782036
19	2	21154105
19	3	9486256
19	4	10617558
19	5	3235087
19	6	1384566
19	7	729634
19	8	395038
19	9	225697
19	10	129728
19	11	64749
19	12	31526
19	13	15036
19	14	5553
19	15	2941
20	0	2427321665
20	1	450202247
20	2	67393998
20	3	18904596
20	4	13013657
20	5	7045804
20	6	2561735
20	7	1400485
20	8	762748
20	9	422044
20	10	242895
20	11	131752
20	12	62974
20	13	30168
20	14	23332
20	15	15081
